9781975321277
9780759530645
9781932234961
9781974725359
9780759530485
9781421561325
9781632369970
9781974709953
9780316102346
9781974709939
9781421580364
9781646090167
9781943876602
9781772942101
9781974702633
9781974719228
9781974717248
9781974702626
9781506707358
9780316383127
9781975363239
9781947194861
9781626925557
9781949980103
9781974738663
9781421580388
9781646090181
9781632362223
9781632360601
9781646090341
9781632368539
9780316562898
9781632369963
9781642750348
9780316385015
9781632369192
9780316562980
9781975312541
9781506713618
9781974707133
9781646090334
9781975303723
9781421579245
9781506713625
9781632367761
9781947194977
9781974707126
9781975338725
9781935934059
9781935934172
9781421539645
9781975399351
9781632360564
9781975363215
9781949980400
9781974724048
9781974718160
9781974700318
9780316073394
9781632367754
9781632360588
9781632360571
9781506713601
9781772942279
9781949980097
9781974709946
9781506711980
9781934876947
9781506707334
9781646090518
9781506713649
9781616559632
9781506713632
9784088832715
9781949980165
9781646513741
9781974717279
9780316412803
9780316340052
9781974700493
9781974702619
9781421550794
9781975361747
9781974700325
9781935934790
9781974741021
9781646510627
9781506713595
9781506700304
9781974740581
9780759529441
9781646512614
9781646511631
9781974707140
9781506707341
9781949980851
9781646090174
9781646513758
9780316102322
9781632367747
9781632360595
9781632369208
9781642750324
9781974727117
9780316385022
9781632368553
9784088904320
9781646510603
9781975313029
9781646510610
9780316259460
9781974720712
9781975363192
9780316340021
9781974722785
9781632368997
9781974700509
9781646511143
9781949980981
9781975378004
9781506701363
9781949980486
9781646090327
9781975363178
9781616554125
9781642731446
9781421580371
9780759530010
9781616559281
9781632367020
9781974700301
9781638586722
9780316340045
9780316471671
9781632360618
9781949980028
9781632368546
9781974720965
9781974715466
9781421586205
