9781932234961
9781642731446
9780316259460
9780316340021
9780316340045
9780316340052
9781632360564
9781632360571
9781632360588
9781632360595
9781632360601
9781632360618
9781632362223
9781646513741
9781646513758
9781947194977
9781949980028
9781949980165
9781949980400
9781632367020
9781506711980
9781975378004
9781975313029
9781975321277
9781975338725
9781974738663
9781974709939
9781974709946
9781974709953
9781974717279
9781974719228
9781974720712
9781974720965
9781974722785
9781974724048
9781974725359
9781974727117
9784088832715
9781974740581
9781974741021
9781616559281
9781616559632
9781506700304
9781506701363
9781506713625
9781506713632
9781506713649
9781506713595
9781506713601
9781506713618
9781506707334
9781506707341
9781506707358
9781421539645
9780316383127
9780316385015
9780316385022
9781947194861
9781949980097
9781949980103
9781949980486
9781949980851
9781949980981
9781974702619
9781974702626
9781974702633
9781421586205
9781616554125
9781626925557
9781646090167
9781646090174
9781646090181
9781642750324
9781975361747
9781974700301
9784088904320
9781974700318
9781974700325
9781974700493
9781974700509
9780316562898
9780316562980
9780316412803
9781975303723
9781974707126
9781974707133
9781974707140
9781646511143
9781646512614
9780759529441
9781642750348
9781646090327
9781646090334
9781646090341
9781646090518
9781932234961
9781642731446
9780316259460
9780316340021
9780316340045
9780316340052
9781632360564
9781632360571
9781632360588
9781632360595
9781632360601
9781632360618
9781632362223
9781646513741
9781646513758
9781947194977
9781949980028
9781949980165
9781949980400
9781632367020
9781506711980
9781975378004
9781975313029
9781975321277
9781975338725
9781974738663
9781974709939
9781974709946
9781974709953
9781974717279
9781974719228
9781974720712
9781974720965
9781974722785
9781974724048
9781974725359
9781974727117
9784088832715
9781974740581
9781974741021
9781616559281
9781616559632
9781506700304
9781506701363
9781506713625
9781506713632
9781506713649
9781506713595
9781506713601
9781506713618
9781506707334
9781506707341
9781506707358
9781421539645
9780316383127
9780316385015
9780316385022
9781947194861
9781949980097
9781949980103
9781949980486
9781949980851
9781949980981
9781974702619
9781974702626
9781974702633
9781421586205
9781616554125
9781626925557
9781646090167
9781646090174
9781646090181
9781642750324
9781975361747
9781974700301
9784088904320
9781974700318
9781974700325
9781974700493
9781974700509
9780316562898
9780316562980
9780316412803
9781975303723
9781974707126
9781974707133
9781974707140
9781646511143
9781646512614
9780759529441
9781642750348
9781646090327
9781646090334
9781646090341
9781646090518
