9781421550794
9781975363178
9781975363192
9781975363215
9781975363239
9781632367747
9781632367754
9781632367761
9781632368539
9781632368546
9781632368553
9781632368997
9781632369192
9781632369208
9781632369963
9781646510603
9781646510610
9781646510627
9781646511631
9781975399351
9781975312541
9781632369970
9780759530010
9780759530485
9780759530645
9780316073394
9780316102322
9780316102346
9780316471671
9781974715466
9781974717248
9781974718160
9781772942279
9781772942101
9781421580364
9781421580371
9781421580388
9781934876947
9781943876602
9781935934059
9781935934172
9781935934790
9781638586722
9781421561325
9781421579245